    84    84     1
0.00182427 -2.16895e-018 0.000843567 -4.34673e-006 8.02022e-006 -3.98005e-005 8.09213e-007 1.41513e-005 -4.27998e-005 2.87507e-005 0.000278226 0.000863043 2.40812e-006 1.26741e-005 7.71428e-005 -1.55411e-005 0.000141303 -1.4754e-005 6.09124e-005 8.17209e-005 -3.25902e-005 -1.68188e-005 2.58809e-005 -9.62558e-006 1.69055e-018 9.72469e-006 -4.77932e-017 1.98819e-006 1.69055e-018 -4.77932e-017 -2.16895e-018 -4.77932e-017 -4.77932e-017 -2.16895e-018 -3.44766e-005 -4.25925e-017 -2.16895e-018 -4.25925e-017 -4.25925e-017 8.99001e-006 -0.000130833 4.01858e-005 -5.3057e-006 -1.41647e-005 -7.39052e-006 0.000820445 1.16529e-005 4.90574e-006 -1.10448e-005 -9.48268e-006 0.000188999 -1.61078e-006 7.94494e-006 1.21968e-005 6.98009e-006 1.69055e-018 1.69055e-018 -4.25925e-017 1.8216e-005 1.69055e-018 1.69055e-018 1.72279e-005 1.69055e-018 -5.28252e-006 -3.1801e-005 3.66579e-005 -0.000126739 -2.16895e-018 0.000759876 0.000677121 -0.000132097 0.000326294 0.000256631 0.000398056 -7.17192e-005 8.08356e-005 1.18296e-006 -4.77932e-017 -4.77932e-017 -4.25925e-017 -4.25925e-017 -3.20986e-007 4.70969e-005 -1.43111e-005 
-2.16895e-018 0.0105152 3.16218e-017 -3.35998e-019 -1.58132e-018 -1.42444e-017 3.9189e-019 2.65716e-017 -4.30882e-018 4.01396e-018 3.1492e-017 1.03737e-017 -3.03116e-019 5.89948e-018 2.06333e-017 -1.69122e-017 -5.14892e-018 -1.3225e-016 1.13871e-016 7.74509e-018 9.13208e-018 2.16343e-017 1.5771e-017 -3.34019e-017 -7.62185e-030 3.88548e-018 -1.20004e-029 5.45626e-019 -7.62185e-030 -1.20004e-029 -9.86363e-029 -1.20004e-029 -1.20004e-029 -9.86363e-029 1.30208e-017 -9.62385e-029 -9.86363e-029 -9.62385e-029 -9.62385e-029 1.519e-018 5.01447e-018 -2.8273e-017 -1.03008e-017 -1.89309e-018 -9.75491e-018 7.84264e-018 9.69148e-018 3.74496e-017 -2.06505e-017 -2.08044e-017 -1.26916e-016 3.53752e-018 -7.92681e-018 -9.38868e-019 7.4575e-019 -7.62185e-030 -7.62185e-030 -9.62385e-029 6.3333e-018 -7.62185e-030 -7.62185e-030 -2.8184e-018 -7.62185e-030 2.48301e-018 1.34164e-017 7.66657e-018 1.36155e-017 -9.86363e-029 6.53762e-018 -4.76434e-017 3.0603e-017 3.86799e-017 4.50443e-017 3.42824e-017 2.62719e-017 7.13184e-018 2.34014e-018 -1.20004e-029 -1.20004e-029 -9.62385e-029 -9.62385e-029 -8.30793e-018 -2.83511e-017 -4.15635e-017 
0.000843567 3.16218e-017 0.0454562 3.23552e-005 0.000142332 0.000674555 -1.42978e-005 0.00079641 -2.9366e-005 9.6445e-005 0.000579371 -0.0123601 -1.7823e-006 -0.00193104 0.00379287 -0.00192989 -0.000578471 -0.00123545 0.00104513 0.00280938 -0.00219037 -0.00179767 -0.00123211 -0.00128264 1.89755e-018 -0.000345086 -4.06029e-016 -2.67338e-005 1.89755e-018 -4.06029e-016 3.16218e-017 -4.06029e-016 -4.06029e-016 3.16218e-017 -1.4706e-005 4.91249e-016 3.16218e-017 4.91249e-016 4.91249e-016 4.46458e-005 -0.00525786 -0.000174708 -0.000309161 -0.00305366 0.000210544 -0.0070803 0.00063956 -2.02179e-005 -0.00042437 -0.000185166 -0.000439954 -0.000490026 0.000905603 0.000292368 5.70026e-005 1.89755e-018 1.89755e-018 4.91249e-016 0.00278759 1.89755e-018 1.89755e-018 -0.00222102 1.89755e-018 -3.84126e-005 -0.00348391 -0.000767326 0.000799874 3.16218e-017 -0.017909 -0.0397433 0.000505324 0.00878731 -0.00695814 -0.000506911 0.0115396 0.000547706 0.000118337 -4.06029e-016 -4.06029e-016 4.91249e-016 4.91249e-016 -0.000134645 -0.00210343 9.51421e-005 
-4.34673e-006 -3.35998e-019 3.23552e-005 0.00189634 -1.67006e-006 0.000876025 -1.0469e-006 -1.36872e-005 0.00115662 1.99319e-006 2.51467e-005 -1.88713e-005 1.86021e-006 -0.000363473 0.0009507 -3.30642e-006 6.35826e-006 0.000103407 0.000363454 0.000747164 0.000712137 0.000802103 0.000292209 -6.9661e-006 -1.82228e-019 3.00456e-005 2.34071e-018 1.20048e-005 -1.82228e-019 2.34071e-018 -3.35998e-019 2.34071e-018 2.34071e-018 -3.35998e-019 -5.35204e-006 -1.42668e-018 -3.35998e-019 -1.42668e-018 -1.42668e-018 1.57466e-005 -1.21107e-005 -1.31947e-005 -1.18545e-005 -6.83983e-006 0.000163451 -3.20126e-005 0.000865166 -7.84561e-007 3.71149e-005 1.8858e-006 -3.51671e-005 -3.36237e-006 5.18898e-005 7.2238e-005 3.1056e-008 -1.82228e-019 -1.82228e-019 -1.42668e-018 7.32149e-006 -1.82228e-019 -1.82228e-019 -5.23353e-006 -1.82228e-019 -6.61045e-007 2.8407e-006 -7.96049e-007 1.21362e-006 -3.35998e-019 -7.55976e-005 6.5809e-006 -1.49629e-005 2.11975e-005 1.39839e-005 3.37212e-005 4.54062e-005 1.61199e-006 7.3857e-007 2.34071e-018 2.34071e-018 -1.42668e-018 -1.42668e-018 1.19783e-005 -2.406e-006 0.000161785 
8.02022e-006 -1.58132e-018 0.000142332 -1.67006e-006 0.000267218 1.67137e-005 -1.10558e-006 -1.51203e-006 6.85493e-006 -1.23239e-005 -0.000127562 -4.19213e-005 8.92018e-007 2.99359e-007 -2.12936e-005 -6.26951e-006 -2.80671e-006 4.96802e-005 -4.19176e-005 -1.67243e-005 1.03071e-006 1.12073e-005 -4.0784e-006 -2.12395e-005 -2.99349e-018 -4.20052e-006 -1.07699e-017 -1.45357e-007 -2.99349e-018 -1.07699e-017 -1.58132e-018 -1.07699e-017 -1.07699e-017 -1.58132e-018 1.67426e-005 -3.10491e-019 -1.58132e-018 -3.10491e-019 -3.10491e-019 6.60321e-006 -1.76197e-005 1.95165e-005 7.5057e-007 -1.91055e-005 1.25315e-007 -4.01192e-005 -3.04097e-006 2.61335e-006 1.99433e-006 3.46398e-006 -7.46574e-005 -1.08982e-006 -1.96222e-007 1.43135e-006 9.39104e-007 -2.99349e-018 -2.99349e-018 -3.10491e-019 1.8686e-005 -2.99349e-018 -2.99349e-018 -1.97446e-005 -2.99349e-018 3.54783e-006 4.23848e-006 -9.79115e-006 2.12064e-005 -1.58132e-018 -0.000110865 2.08916e-005 7.13697e-006 -2.15581e-005 -9.97215e-007 2.67187e-005 1.87721e-005 7.51674e-006 2.61847e-006 -1.07699e-017 -1.07699e-017 -3.10491e-019 -3.10491e-019 3.45116e-006 -1.5548e-005 1.08655e-005 
-3.98005e-005 -1.42444e-017 0.000674555 0.000876025 1.67137e-005 0.0760846 2.3931e-005 -0.00174789 -0.0452723 1.95391e-005 -0.000134456 -0.000209742 -1.53989e-005 -0.000809435 0.045615 0.000437024 0.000172777 0.00652974 -0.0211801 -0.058272 0.0215736 -0.00568517 -0.00313545 0.000214553 -1.22195e-016 -5.79896e-005 -6.28955e-016 -0.000180261 -1.22195e-016 -6.28955e-016 -1.42444e-017 -6.28955e-016 -6.28955e-016 -1.42444e-017 -0.00010219 -3.65914e-016 -1.42444e-017 -3.65914e-016 -3.65914e-016 -0.00017506 -2.14208e-006 5.90904e-005 8.03793e-005 0.000552377 -0.00210656 0.000931293 0.00317909 0.000190888 -0.00291138 0.0056435 0.000336417 0.00213878 -0.00133892 -0.00151425 -3.73891e-006 -1.22195e-016 -1.22195e-016 -3.65914e-016 -0.000529088 -1.22195e-016 -1.22195e-016 -0.000347365 -1.22195e-016 -3.35495e-005 0.000301076 0.00014752 -8.37538e-005 -1.42444e-017 0.00256582 -0.00291228 0.0010124 -0.000595495 0.000566419 -0.000259268 -0.000837739 -5.36826e-005 -1.94e-005 -6.28955e-016 -6.28955e-016 -3.65914e-016 -3.65914e-016 0.000464568 6.07868e-005 0.000405153 
8.09213e-007 3.9189e-019 -1.42978e-005 -1.0469e-006 -1.10558e-006 2.3931e-005 0.000279083 -5.56599e-006 9.50523e-006 -7.04585e-008 2.5052e-006 4.26243e-006 7.89872e-008 6.83999e-006 1.35714e-005 -1.35968e-006 1.24745e-006 -9.74462e-005 2.98721e-006 -6.01046e-005 2.11896e-005 2.46897e-005 -9.42498e-006 -1.18699e-006 -1.18287e-020 -4.55047e-006 2.29426e-018 -9.56315e-007 -1.18287e-020 2.29426e-018 3.9189e-019 2.29426e-018 2.29426e-018 3.9189e-019 -1.52748e-006 3.91814e-019 3.9189e-019 3.91814e-019 3.91814e-019 -7.53368e-007 -8.58924e-007 1.08752e-006 5.54931e-006 -1.50606e-006 1.36916e-006 -5.33372e-007 -5.94784e-006 9.69012e-007 2.59914e-006 2.90843e-006 -8.16317e-006 -4.141e-006 -4.09124e-006 -6.46722e-006 5.68254e-008 -1.18287e-020 -1.18287e-020 3.91814e-019 1.3931e-006 -1.18287e-020 -1.18287e-020 1.99692e-006 -1.18287e-020 -4.62358e-007 6.50329e-007 -3.43501e-006 -5.969e-007 3.9189e-019 -5.88482e-006 2.25896e-005 -4.81984e-006 -1.1389e-005 -1.5602e-006 1.14623e-005 1.28903e-006 1.04932e-006 9.4839e-008 2.29426e-018 2.29426e-018 3.91814e-019 3.91814e-019 -7.47644e-006 1.17779e-006 -2.39194e-005 
1.41513e-005 2.65716e-017 0.00079641 -1.36872e-005 -1.51203e-006 -0.00174789 -5.56599e-006 0.00488423 -0.00559741 1.16651e-005 0.000160951 -0.00029958 2.93089e-006 0.000733461 0.00191919 -1.99054e-005 -6.02837e-005 -0.0011641 -0.00206313 -0.00180325 0.000579263 0.000825993 0.00054188 -2.01826e-005 -5.58364e-018 0.000166212 3.84398e-018 7.79069e-007 -5.58364e-018 3.84398e-018 2.65716e-017 3.84398e-018 3.84398e-018 2.65716e-017 6.3358e-005 4.44625e-017 2.65716e-017 4.44625e-017 4.44625e-017 4.1108e-005 -1.07287e-005 -4.80544e-006 0.000524578 -0.000107116 -3.66885e-005 -0.000233946 -0.000353448 0.000273858 0.000753888 -0.00232231 -0.00028074 -0.00332443 0.000495716 -4.4524e-005 -1.18073e-006 -5.58364e-018 -5.58364e-018 4.44625e-017 6.97212e-005 -5.58364e-018 -5.58364e-018 1.76423e-005 -5.58364e-018 1.79133e-005 -0.000179022 -8.77131e-005 -2.41384e-006 2.65716e-017 -0.00077679 0.000107092 -9.44374e-005 0.000262154 -8.76167e-005 -0.000170058 0.000424726 -2.08277e-005 2.85931e-006 3.84398e-018 3.84398e-018 4.44625e-017 4.44625e-017 -0.000102234 -2.57871e-005 -0.000219556 
-4.27998e-005 -4.30882e-018 -2.9366e-005 0.00115662 6.85493e-006 -0.0452723 9.50523e-006 -0.00559741 0.106409 9.90113e-006 -0.000314702 4.6825e-005 -5.30904e-006 -0.0313944 -0.0628017 9.32761e-005 0.000111304 0.00453207 -0.00566394 0.0700705 -0.00557556 -0.0171036 -0.007934 -1.9335e-005 -6.86741e-018 -0.00134988 8.85328e-017 -0.000310856 -6.86741e-018 8.85328e-017 -4.30882e-018 8.85328e-017 8.85328e-017 -4.30882e-018 -0.000233889 1.9903e-016 -4.30882e-018 1.9903e-016 1.9903e-016 -6.48076e-005 0.000133633 1.35073e-005 0.00181984 8.85513e-005 -0.00177853 0.000189977 0.00929274 0.00327894 0.00233956 -0.00342936 0.0025994 0.00328935 -0.00301906 -0.00229177 7.76165e-006 -6.86741e-018 -6.86741e-018 1.9903e-016 -0.00010457 -6.86741e-018 -6.86741e-018 5.67609e-005 -6.86741e-018 -3.57749e-005 -4.35046e-005 0.000196272 -1.01188e-005 -4.30882e-018 0.000976904 -0.000409284 -0.0001626 -0.000176022 0.00013857 0.00040744 -0.000334701 9.58835e-005 3.13374e-006 8.85328e-017 8.85328e-017 1.9903e-016 1.9903e-016 0.00025141 -8.65152e-005 0.0162735 
2.87507e-005 4.01396e-018 9.6445e-005 1.99319e-006 -1.23239e-005 1.95391e-005 -7.04585e-008 1.16651e-005 9.90113e-006 6.08292e-005 0.000508958 -0.000109635 -2.29621e-006 -7.46794e-005 1.66007e-005 2.42534e-005 -5.44503e-005 -0.00030329 3.8344e-005 6.3834e-005 -4.70636e-005 -7.47492e-005 -3.4876e-005 -1.28998e-005 -5.39291e-018 -9.48314e-006 -3.8136e-017 4.54877e-008 -5.39291e-018 -3.8136e-017 4.01396e-018 -3.8136e-017 -3.8136e-017 4.01396e-018 -1.94601e-005 2.22445e-017 4.01396e-018 2.22445e-017 2.22445e-017 -1.94239e-005 -4.34765e-005 8.23402e-006 -1.38362e-005 -2.37366e-005 1.55362e-005 -4.83239e-005 -6.36299e-006 -1.67693e-005 -3.81909e-006 7.3099e-006 -7.9471e-005 -2.61698e-006 5.84432e-006 7.40093e-006 -3.73931e-006 -5.39291e-018 -5.39291e-018 2.22445e-017 -1.44901e-006 -5.39291e-018 -5.39291e-018 1.54504e-005 -5.39291e-018 -6.18218e-006 -1.68686e-005 -5.21411e-005 4.24527e-005 4.01396e-018 4.60975e-005 -5.44346e-005 -1.49516e-005 -8.92053e-006 -0.000213732 -0.000178551 6.8837e-005 -3.97433e-005 1.45879e-007 -3.8136e-017 -3.8136e-017 2.22445e-017 2.22445e-017 -3.11547e-005 1.59322e-005 -2.5701e-005 
0.000278226 3.1492e-017 0.000579371 2.51467e-005 -0.000127562 -0.000134456 2.5052e-006 0.000160951 -0.000314702 0.000508958 0.00550837 -0.000899688 -2.93031e-005 -0.000622838 -0.000263357 0.000152578 -0.000450428 -0.00346531 0.000346251 0.000132375 -0.000540181 -0.000456982 -0.000103177 -0.000153371 -9.12883e-017 -4.1553e-005 -3.07395e-016 1.96912e-005 -9.12883e-017 -3.07395e-016 3.1492e-017 -3.07395e-016 -3.07395e-016 3.1492e-017 -0.000271461 -2.50627e-016 3.1492e-017 -2.50627e-016 -2.50627e-016 -0.000248953 -0.000387058 0.000196884 -0.000199764 -0.000327985 0.000260442 -0.000819958 -0.000522253 -0.000174623 -4.78241e-005 0.000130523 -0.00208567 -2.10983e-005 0.000107978 0.000164808 -2.22699e-005 -9.12883e-017 -9.12883e-017 -2.50627e-016 0.000112021 -9.12883e-017 -9.12883e-017 6.87516e-005 -9.12883e-017 -9.13636e-005 -0.00017498 -0.000320903 0.000589385 3.1492e-017 -0.000396668 0.000483545 0.000597103 0.00106303 -0.000857452 -0.00157758 0.00153883 -0.000282541 2.04761e-005 -3.07395e-016 -3.07395e-016 -2.50627e-016 -2.50627e-016 -0.000289349 0.000202931 -0.000369639 
0.000863043 1.03737e-017 -0.0123601 -1.88713e-005 -4.19213e-005 -0.000209742 4.26243e-006 -0.00029958 4.6825e-005 -0.000109635 -0.000899688 0.00598707 7.12689e-006 0.000592778 -0.00124187 0.00036347 0.000715515 0.000830232 -0.000530874 -0.0014229 0.000734914 0.000775136 0.000456576 0.000752202 4.85413e-017 0.000137319 8.51135e-018 -7.0449e-007 4.85413e-017 8.51135e-018 1.03737e-017 8.51135e-018 8.51135e-018 1.03737e-017 0.000130606 -1.29136e-016 1.03737e-017 -1.29136e-016 -1.29136e-016 4.3507e-005 0.0016757 -0.000217928 0.000114339 0.000709901 -2.42656e-006 0.00383089 -0.000319464 4.8066e-005 0.00014754 4.14208e-005 -0.00553779 0.000209968 -0.000302095 -0.00013922 -2.72063e-005 4.85413e-017 4.85413e-017 -1.29136e-016 -0.00079356 4.85413e-017 4.85413e-017 0.00191468 4.85413e-017 5.69269e-005 -0.000421513 0.00115467 -0.000637704 1.03737e-017 0.0083007 0.0113881 0.00162908 -0.00329612 0.00550718 0.000757697 -0.00511455 -0.000277751 -6.07019e-005 8.51135e-018 8.51135e-018 -1.29136e-016 -1.29136e-016 8.58335e-005 0.00107555 5.12184e-005 
2.40812e-006 -3.03116e-019 -1.7823e-006 1.86021e-006 8.92018e-007 -1.53989e-005 7.89872e-008 2.93089e-006 -5.30904e-006 -2.29621e-006 -2.93031e-005 7.12689e-006 0.0569016 -1.22883e-005 9.81794e-006 1.63366e-006 -4.29287e-006 -0.000116499 4.24929e-005 2.52976e-005 3.11575e-006 -9.16899e-006 -5.46502e-006 -2.63014e-006 1.06517e-019 -6.54381e-007 3.65109e-018 -4.65946e-007 1.06517e-019 3.65109e-018 -3.03116e-019 3.65109e-018 3.65109e-018 -3.03116e-019 3.32132e-005 -1.11865e-018 -3.03116e-019 -1.11865e-018 -1.11865e-018 -3.0806e-005 5.53025e-006 -1.90222e-007 -2.12868e-007 1.43534e-006 -9.50468e-007 1.10814e-005 -1.31679e-006 -5.55584e-006 -3.19078e-006 7.93095e-007 1.51034e-006 -1.83601e-006 -4.14257e-007 -1.79706e-006 8.97413e-008 1.06517e-019 1.06517e-019 -1.11865e-018 -2.50128e-006 1.06517e-019 1.06517e-019 3.42933e-006 1.06517e-019 3.90777e-006 -2.57748e-006 4.14924e-006 1.30333e-006 -3.03116e-019 1.71759e-005 1.07247e-005 9.03165e-006 -8.20964e-006 7.52074e-007 7.30316e-007 -1.81895e-005 1.02269e-006 7.68057e-008 3.65109e-018 3.65109e-018 -1.11865e-018 -1.11865e-018 -8.95614e-006 -1.37515e-007 -1.7104e-005 
1.26741e-005 5.89948e-018 -0.00193104 -0.000363473 2.99359e-007 -0.000809435 6.83999e-006 0.000733461 -0.0313944 -7.46794e-005 -0.000622838 0.000592778 -1.22883e-005 0.0283249 -0.00886326 -0.000147411 -0.000129634 0.00272965 0.0356829 -0.0170083 0.00421521 0.0188993 0.0114136 0.000187295 6.01892e-017 0.00268334 1.59521e-016 0.00019654 6.01892e-017 1.59521e-016 5.89948e-018 1.59521e-016 1.59521e-016 5.89948e-018 0.000275973 -3.30407e-016 5.89948e-018 -3.30407e-016 -3.30407e-016 -6.48142e-005 -7.11505e-005 0.000687588 -0.00070531 -1.5227e-005 -0.00234347 0.00013313 -0.00363352 -0.00385057 6.35859e-005 0.00124497 0.000503724 -0.00108113 0.000192102 0.000182659 -2.4912e-006 6.01892e-017 6.01892e-017 -3.30407e-016 6.90664e-005 6.01892e-017 6.01892e-017 0.000269061 6.01892e-017 3.12505e-005 -0.000252461 -0.000601957 5.66219e-005 5.89948e-018 0.000864394 0.000733152 0.000119177 -0.000368361 -0.00088536 -0.000967295 -0.00143989 -6.78688e-005 -1.82906e-005 1.59521e-016 1.59521e-016 -3.30407e-016 -3.30407e-016 8.29234e-005 0.000114942 -0.0115183 
7.71428e-005 2.06333e-017 0.00379287 0.0009507 -2.12936e-005 0.045615 1.35714e-005 0.00191919 -0.0628017 1.66007e-005 -0.000263357 -0.00124187 9.81794e-006 -0.00886326 0.174611 9.50277e-007 9.98272e-005 -0.000884679 -0.0704016 0.00564617 0.00279581 -0.0201968 -0.0129414 -0.00016574 -1.55871e-016 -0.00252968 1.28468e-016 -0.000397206 -1.55871e-016 1.28468e-016 2.06333e-017 1.28468e-016 1.28468e-016 2.06333e-017 -0.000179404 -5.25989e-016 2.06333e-017 -5.25989e-016 -5.25989e-016 6.70532e-005 5.53443e-005 -0.000586875 0.000424743 -7.69692e-005 -0.0036529 -0.000941959 0.0156071 0.00309398 -0.00231356 -0.00512155 -0.00536627 0.00454812 -0.0032501 -0.00252588 5.10571e-006 -1.55871e-016 -1.55871e-016 -5.25989e-016 0.000154824 -1.55871e-016 -1.55871e-016 -0.000532624 -1.55871e-016 2.30056e-006 4.21327e-005 -0.000190265 -0.000448299 2.06333e-017 -0.00369874 -0.000360767 -0.00117649 0.000496712 0.000688669 0.00120587 0.00146386 0.00011879 1.71512e-005 1.28468e-016 1.28468e-016 -5.25989e-016 -5.25989e-016 0.000197748 9.28043e-006 -0.00390514 
-1.55411e-005 -1.69122e-017 -0.00192989 -3.30642e-006 -6.26951e-006 0.000437024 -1.35968e-006 -1.99054e-005 9.32761e-005 2.42534e-005 0.000152578 0.00036347 1.63366e-006 -0.000147411 9.50277e-007 0.000808623 4.33739e-005 -0.000155002 -0.000173464 -1.54835e-005 -3.00138e-005 -5.86038e-005 -2.42522e-005 5.86037e-005 -4.40871e-017 -4.35907e-006 -3.60406e-017 2.16681e-007 -4.40871e-017 -3.60406e-017 -1.69122e-017 -3.60406e-017 -3.60406e-017 -1.69122e-017 -5.6848e-005 -1.49651e-016 -1.69122e-017 -1.49651e-016 -1.49651e-016 -1.11948e-006 0.000122096 9.73379e-005 5.72416e-005 0.000531759 -1.27158e-005 0.000608023 4.53304e-005 -4.26681e-005 -1.11797e-005 8.73263e-005 -0.00151576 -8.90522e-005 7.07767e-006 -1.08006e-005 -3.38653e-006 -4.40871e-017 -4.40871e-017 -1.49651e-016 -0.000597764 -4.40871e-017 -4.40871e-017 -0.000180378 -4.40871e-017 -5.17156e-006 0.000378733 8.95464e-005 5.24388e-005 -1.69122e-017 0.00204785 0.000391746 0.000350208 -0.000555149 0.00021006 -2.54626e-005 -0.00115895 -3.3981e-005 -7.74907e-006 -3.60406e-017 -3.60406e-017 -1.49651e-016 -1.49651e-016 -1.89942e-005 0.000229848 3.03989e-005 
0.000141303 -5.14892e-018 -0.000578471 6.35826e-006 -2.80671e-006 0.000172777 1.24745e-006 -6.02837e-005 0.000111304 -5.44503e-005 -0.000450428 0.000715515 -4.29287e-006 -0.000129634 9.98272e-005 4.33739e-005 0.00564317 3.78012e-006 -5.64638e-005 -0.00019112 0.000103933 -0.000123658 -0.000203582 -0.00166126 -1.73359e-017 -3.39714e-005 -4.7147e-017 -2.2347e-005 -1.73359e-017 -4.7147e-017 -5.14892e-018 -4.7147e-017 -4.7147e-017 -5.14892e-018 7.78448e-005 -7.06478e-017 -5.14892e-018 -7.06478e-017 -7.06478e-017 -2.07775e-006 0.000630653 0.000126679 7.60938e-005 0.000157531 4.07447e-005 0.000721419 3.70967e-006 -2.06327e-005 2.34102e-006 2.45104e-005 -0.000211982 5.20674e-006 -6.78404e-005 -0.000133381 -0.000105323 -1.73359e-017 -1.73359e-017 -7.06478e-017 -0.000131357 -1.73359e-017 -1.73359e-017 7.73161e-005 -1.73359e-017 1.65467e-005 0.000331634 0.000466763 -0.00256985 -5.14892e-018 0.00121583 0.000120089 0.00134557 -0.000843293 -0.00588939 -0.00371288 5.75207e-005 -0.00111244 8.48113e-005 -4.7147e-017 -4.7147e-017 -7.06478e-017 -7.06478e-017 -1.74132e-006 0.000148383 3.80036e-005 
-1.4754e-005 -1.3225e-016 -0.00123545 0.000103407 4.96802e-005 0.00652974 -9.74462e-005 -0.0011641 0.00453207 -0.00030329 -0.00346531 0.000830232 -0.000116499 0.00272965 -0.000884679 -0.000155002 3.78012e-006 0.0450321 -0.0173835 -0.00687612 0.00180578 0.0042434 0.00152164 9.83573e-005 1.0385e-016 0.000414024 2.87951e-016 -0.000102061 1.0385e-016 2.87951e-016 -1.3225e-016 2.87951e-016 2.87951e-016 -1.3225e-016 0.000316956 2.67259e-016 -1.3225e-016 2.67259e-016 2.67259e-016 -0.000909432 7.03368e-005 0.000358214 0.00124581 0.000239836 -0.000830507 3.58721e-005 0.00231639 0.00238034 0.000834511 -0.000170827 0.0018252 0.000114499 -0.000592859 -0.00093595 7.5374e-006 1.0385e-016 1.0385e-016 2.67259e-016 3.51609e-005 1.0385e-016 1.0385e-016 -0.000136852 1.0385e-016 6.70788e-005 -0.000115419 0.000114792 2.65936e-005 -1.3225e-016 0.000643989 -0.000673642 0.000306531 0.000136681 -0.000256354 -0.000343038 -0.00217204 5.32785e-005 -9.73424e-006 2.87951e-016 2.87951e-016 2.67259e-016 2.67259e-016 0.00394622 -8.99874e-005 0.00696255 
6.09124e-005 1.13871e-016 0.00104513 0.000363454 -4.19176e-005 -0.0211801 2.98721e-006 -0.00206313 -0.00566394 3.8344e-005 0.000346251 -0.000530874 4.24929e-005 0.0356829 -0.0704016 -0.000173464 -5.64638e-005 -0.0173835 0.24576 0.00234456 0.00260218 0.00532844 0.00421926 8.99126e-006 1.15685e-016 0.0011701 1.64448e-016 6.412e-005 1.15685e-016 1.64448e-016 1.13871e-016 1.64448e-016 1.64448e-016 1.13871e-016 9.8592e-006 -7.11915e-016 1.13871e-016 -7.11915e-016 -7.11915e-016 0.00035099 -0.000101457 0.00017906 5.3559e-005 -0.000193811 -0.00396475 -0.000864255 0.00569945 -0.00995837 -0.0117887 0.00149076 -0.0047439 0.000382772 -0.00148119 -0.000808779 -2.17186e-006 1.15685e-016 1.15685e-016 -7.11915e-016 0.000260624 1.15685e-016 1.15685e-016 -3.03386e-006 1.15685e-016 1.60928e-006 -0.000336597 -0.000855388 -0.000240165 1.13871e-016 -0.00229622 0.00112163 -0.000937348 0.000178188 -0.000261134 6.71246e-005 6.9516e-005 -8.0898e-006 1.68035e-006 1.64448e-016 1.64448e-016 -7.11915e-016 -7.11915e-016 -0.00137754 0.000189869 -0.0264087 
8.17209e-005 7.74509e-018 0.00280938 0.000747164 -1.67243e-005 -0.058272 -6.01046e-005 -0.00180325 0.0700705 6.3834e-005 0.000132375 -0.0014229 2.52976e-005 -0.0170083 0.00564617 -1.54835e-005 -0.00019112 -0.00687612 0.00234456 0.149594 -0.0274846 0.00274432 -0.000601925 0.000140403 7.25946e-017 0.000556806 1.22826e-016 -0.000460778 7.25946e-017 1.22826e-016 7.74509e-018 1.22826e-016 1.22826e-016 7.74509e-018 -7.31571e-005 3.9535e-016 7.74509e-018 3.9535e-016 3.9535e-016 0.000229474 0.000134197 0.000508106 0.00244309 -0.000325481 -0.0108761 -0.000634027 0.0197047 0.00250108 0.000417992 -0.00772685 0.000535402 0.00466886 -0.00690806 -0.00519792 1.0611e-005 7.25946e-017 7.25946e-017 3.9535e-016 0.00017708 7.25946e-017 7.25946e-017 0.000191588 7.25946e-017 -1.33739e-005 -0.000854931 -0.00104727 -0.000422217 7.74509e-018 -0.00183672 0.000899247 -0.0014519 -0.000782015 -0.0015955 -0.000431211 0.000690661 0.000111493 -1.07384e-005 1.22826e-016 1.22826e-016 3.9535e-016 3.9535e-016 -0.00101062 -0.000121991 0.00590677 
-3.25902e-005 9.13208e-018 -0.00219037 0.000712137 1.03071e-006 0.0215736 2.11896e-005 0.000579263 -0.00557556 -4.70636e-005 -0.000540181 0.000734914 3.11575e-006 0.00421521 0.00279581 -3.00138e-005 0.000103933 0.00180578 0.00260218 -0.0274846 0.032057 -0.0174695 0.00410996 0.000203528 -1.01429e-018 0.00214918 2.90858e-017 1.33235e-005 -1.01429e-018 2.90858e-017 9.13208e-018 2.90858e-017 2.90858e-017 9.13208e-018 5.27002e-005 -1.57483e-016 9.13208e-018 -1.57483e-016 -1.57483e-016 2.84793e-005 -6.16715e-005 0.000637228 0.000608454 7.80553e-005 -0.0040198 0.000452741 0.0044073 -0.000186488 0.000205092 -0.000200226 0.00169501 0.000113863 -0.0030338 -0.00179386 3.2877e-006 -1.01429e-018 -1.01429e-018 -1.57483e-016 -7.42744e-005 -1.01429e-018 -1.01429e-018 0.000357818 -1.01429e-018 2.97901e-006 -0.000178922 -0.000619405 -3.08563e-005 9.13208e-018 0.00174396 0.000140721 2.54264e-005 -0.000405433 -0.000313503 -0.000440135 -0.00159021 4.28393e-006 -1.76686e-005 2.90858e-017 2.90858e-017 -1.57483e-016 -1.57483e-016 7.02783e-005 0.000122132 -0.00079839 
-1.68188e-005 2.16343e-017 -0.00179767 0.000802103 1.12073e-005 -0.00568517 2.46897e-005 0.000825993 -0.0171036 -7.47492e-005 -0.000456982 0.000775136 -9.16899e-006 0.0188993 -0.0201968 -5.86038e-005 -0.000123658 0.0042434 0.00532844 0.00274432 -0.0174695 0.0569867 -0.0111385 0.000182094 1.03118e-017 -0.00130951 -8.62289e-018 -0.000309779 1.03118e-017 -8.62289e-018 2.16343e-017 -8.62289e-018 -8.62289e-018 2.16343e-017 0.000235194 4.00095e-017 2.16343e-017 4.00095e-017 4.00095e-017 -5.7821e-005 -3.51579e-005 0.000547415 0.00039057 0.000121581 -0.00135406 0.000766457 -0.00621733 -0.000623381 0.000757153 0.00206594 0.00171906 -0.00187801 0.000646562 -0.00105556 -1.31404e-006 1.03118e-017 1.03118e-017 4.00095e-017 -9.28684e-005 1.03118e-017 1.03118e-017 9.41463e-005 1.03118e-017 2.87813e-005 0.000224616 -0.000170772 0.000144766 2.16343e-017 0.00214238 -0.00116294 0.000833549 -0.000586508 -0.000772231 -0.0009403 -0.00129951 -5.67547e-005 -2.08019e-005 -8.62289e-018 -8.62289e-018 4.00095e-017 4.00095e-017 0.000295689 7.76204e-005 -0.00472488 
2.58809e-005 1.5771e-017 -0.00123211 0.000292209 -4.0784e-006 -0.00313545 -9.42498e-006 0.00054188 -0.007934 -3.4876e-005 -0.000103177 0.000456576 -5.46502e-006 0.0114136 -0.0129414 -2.42522e-005 -0.000203582 0.00152164 0.00421926 -0.000601925 0.00410996 -0.0111385 0.0757649 5.06325e-005 -6.04128e-018 -0.00251026 -1.3937e-017 -0.000341357 -6.04128e-018 -1.3937e-017 1.5771e-017 -1.3937e-017 -1.3937e-017 1.5771e-017 8.33124e-005 2.17256e-018 1.5771e-017 2.17256e-018 2.17256e-018 -5.8329e-005 0.000135824 0.000126423 -0.000268857 9.86309e-005 -0.00159094 0.000509172 -0.00315074 -0.000399844 0.000461191 0.00102837 0.00101143 -0.00104326 0.000780054 -0.000555541 2.60427e-006 -6.04128e-018 -6.04128e-018 2.17256e-018 -6.48845e-005 -6.04128e-018 -6.04128e-018 -2.6776e-005 -6.04128e-018 8.43031e-006 0.000142769 0.000481681 0.000110138 1.5771e-017 0.00111234 0.000413643 0.000698854 -0.00126089 -0.000921201 -0.000460592 -0.000380357 1.3492e-005 -7.58676e-006 -1.3937e-017 -1.3937e-017 2.17256e-018 2.17256e-018 5.37583e-006 1.4192e-005 -0.00285759 
-9.62558e-006 -3.34019e-017 -0.00128264 -6.9661e-006 -2.12395e-005 0.000214553 -1.18699e-006 -2.01826e-005 -1.9335e-005 -1.28998e-005 -0.000153371 0.000752202 -2.63014e-006 0.000187295 -0.00016574 5.86037e-005 -0.00166126 9.83573e-005 8.99126e-006 0.000140403 0.000203528 0.000182094 5.06325e-005 0.00764293 -3.25684e-017 -1.7023e-005 3.8554e-018 6.94603e-006 -3.25684e-017 3.8554e-018 -3.34019e-017 3.8554e-018 3.8554e-018 -3.34019e-017 -2.16065e-005 -8.13262e-017 -3.34019e-017 -8.13262e-017 -8.13262e-017 -8.12342e-006 0.000762995 -0.000385597 -1.81854e-005 0.000106424 -0.000138492 0.00074383 4.86291e-005 -1.9165e-005 2.29662e-005 1.19926e-005 -0.00107598 4.36848e-005 -5.17518e-005 4.20381e-005 7.62465e-005 -3.25684e-017 -3.25684e-017 -8.13262e-017 -0.000143773 -3.25684e-017 -3.25684e-017 0.000387997 -3.25684e-017 -1.04607e-005 5.08924e-005 -0.000408281 -0.00165835 -3.34019e-017 0.00173105 0.00111474 -0.000416249 -0.00206807 -0.000403052 0.00539444 -0.00050034 0.00093584 0.000186476 3.8554e-018 3.8554e-018 -8.13262e-017 -8.13262e-017 6.98318e-006 5.01772e-005 -3.00146e-005 
1.69055e-018 -7.62185e-030 1.89755e-018 -1.82228e-019 -2.99349e-018 -1.22195e-016 -1.18287e-020 -5.58364e-018 -6.86741e-018 -5.39291e-018 -9.12883e-017 4.85413e-017 1.06517e-019 6.01892e-017 -1.55871e-016 -4.40871e-017 -1.73359e-017 1.0385e-016 1.15685e-016 7.25946e-017 -1.01429e-018 1.03118e-017 -6.04128e-018 -3.25684e-017 0.0105152 -3.14938e-018 1.27612e-029 -6.27373e-019 -1.18519e-028 1.27612e-029 -7.62185e-030 1.27612e-029 1.27612e-029 -7.62185e-030 1.77956e-018 8.95372e-029 -7.62185e-030 8.95372e-029 8.95372e-029 -4.00978e-018 -3.00433e-018 -2.41514e-017 -7.27263e-019 -1.74418e-017 4.72504e-018 1.88238e-018 2.45379e-017 6.52504e-018 -1.17519e-018 -1.78379e-018 -3.241e-016 8.99073e-019 -3.7038e-018 -1.51372e-018 4.12134e-019 -1.18519e-028 -1.18519e-028 8.95372e-029 2.98919e-017 -1.18519e-028 -1.18519e-028 5.97996e-018 -1.18519e-028 6.19084e-019 4.53667e-018 -1.4147e-017 -7.58122e-019 -7.62185e-030 -1.23685e-016 -3.01603e-017 -2.44961e-017 -1.31351e-017 -4.38999e-017 5.80094e-017 -4.38678e-017 8.45312e-018 1.78386e-018 1.27612e-029 1.27612e-029 8.95372e-029 8.95372e-029 5.23136e-018 2.52132e-017 1.64282e-017 
9.72469e-006 3.88548e-018 -0.000345086 3.00456e-005 -4.20052e-006 -5.79896e-005 -4.55047e-006 0.000166212 -0.00134988 -9.48314e-006 -4.1553e-005 0.000137319 -6.54381e-007 0.00268334 -0.00252968 -4.35907e-006 -3.39714e-005 0.000414024 0.0011701 0.000556806 0.00214918 -0.00130951 -0.00251026 -1.7023e-005 -3.14938e-018 0.0856604 -1.31335e-019 -5.42154e-005 -3.14938e-018 -1.31335e-019 3.88548e-018 -1.31335e-019 -1.31335e-019 3.88548e-018 -2.44801e-005 -2.24848e-017 3.88548e-018 -2.24848e-017 -2.24848e-017 -2.08047e-005 1.81593e-005 -3.01003e-005 -0.000172136 3.73754e-005 -0.000775302 0.000134753 -0.000240622 -7.84386e-005 9.64407e-005 0.00012741 0.00022377 -0.000148436 0.000363474 0.000192972 3.02725e-006 -3.14938e-018 -3.14938e-018 -2.24848e-017 -1.93353e-005 -3.14938e-018 -3.14938e-018 -2.66092e-005 -3.14938e-018 -2.35503e-006 4.73421e-005 0.00029448 4.88282e-005 3.88548e-018 0.000249997 0.000149183 0.000146493 -0.000418704 -0.000322251 3.45412e-005 -3.25574e-005 3.55721e-005 6.96563e-007 -1.31335e-019 -1.31335e-019 -2.24848e-017 -2.24848e-017 -2.42199e-005 -2.76697e-006 -0.000622049 
-4.77932e-017 -1.20004e-029 -4.06029e-016 2.34071e-018 -1.07699e-017 -6.28955e-016 2.29426e-018 3.84398e-018 8.85328e-017 -3.8136e-017 -3.07395e-016 8.51135e-018 3.65109e-018 1.59521e-016 1.28468e-016 -3.60406e-017 -4.7147e-017 2.87951e-016 1.64448e-016 1.22826e-016 2.90858e-017 -8.62289e-018 -1.3937e-017 3.8554e-018 1.27612e-029 -1.31335e-019 0.037845 -5.6871e-018 1.27612e-029 -1.39804e-027 -1.20004e-029 -1.39804e-027 -1.39804e-027 -1.20004e-029 8.99973e-017 -1.41281e-028 -1.20004e-029 -1.41281e-028 -1.41281e-028 4.58851e-017 -9.91553e-017 2.03504e-016 2.14358e-018 1.27577e-017 3.67527e-018 -1.79491e-016 7.77147e-017 4.05953e-017 3.24529e-017 -1.34066e-016 2.06342e-016 6.64312e-017 -2.91706e-017 -3.37329e-017 1.06151e-018 1.27612e-029 1.27612e-029 -1.41281e-028 2.48708e-017 1.27612e-029 1.27612e-029 -4.39181e-017 1.27612e-029 1.87699e-017 -2.19908e-017 -6.59857e-017 9.00248e-017 -1.20004e-029 -7.50818e-017 -8.77526e-017 -2.44673e-018 2.12141e-017 -3.4278e-016 -2.74327e-016 -3.83713e-016 -5.54261e-018 1.90713e-018 -1.39804e-027 -1.39804e-027 -1.41281e-028 -1.41281e-028 7.37144e-018 1.0205e-016 5.17642e-017 
1.98819e-006 5.45626e-019 -2.67338e-005 1.20048e-005 -1.45357e-007 -0.000180261 -9.56315e-007 7.79069e-007 -0.000310856 4.54877e-008 1.96912e-005 -7.0449e-007 -4.65946e-007 0.00019654 -0.000397206 2.16681e-007 -2.2347e-005 -0.000102061 6.412e-005 -0.000460778 1.33235e-005 -0.000309779 -0.000341357 6.94603e-006 -6.27373e-019 -5.42154e-005 -5.6871e-018 0.0104858 -6.27373e-019 -5.6871e-018 5.45626e-019 -5.6871e-018 -5.6871e-018 5.45626e-019 1.58987e-005 6.84989e-018 5.45626e-019 6.84989e-018 6.84989e-018 -9.52974e-007 2.33687e-005 8.06621e-006 9.04125e-006 -8.27823e-007 9.24684e-005 4.98047e-006 -0.000208692 -1.8751e-005 1.19523e-005 5.19982e-005 3.83695e-005 -3.28731e-005 -0.000121475 -0.000186603 -5.13654e-007 -6.27373e-019 -6.27373e-019 6.84989e-018 -5.24193e-007 -6.27373e-019 -6.27373e-019 3.05717e-006 -6.27373e-019 9.94712e-007 -1.92308e-005 3.47386e-006 -8.46451e-007 5.45626e-019 3.74962e-006 0.000121438 7.28335e-005 -6.10583e-005 -1.53543e-005 -7.0199e-005 8.77911e-006 -8.79258e-006 -5.03152e-007 -5.6871e-018 -5.6871e-018 6.84989e-018 6.84989e-018 -3.61134e-006 -4.34056e-007 -7.72428e-005 
1.69055e-018 -7.62185e-030 1.89755e-018 -1.82228e-019 -2.99349e-018 -1.22195e-016 -1.18287e-020 -5.58364e-018 -6.86741e-018 -5.39291e-018 -9.12883e-017 4.85413e-017 1.06517e-019 6.01892e-017 -1.55871e-016 -4.40871e-017 -1.73359e-017 1.0385e-016 1.15685e-016 7.25946e-017 -1.01429e-018 1.03118e-017 -6.04128e-018 -3.25684e-017 -1.18519e-028 -3.14938e-018 1.27612e-029 -6.27373e-019 0.0105152 1.27612e-029 -7.62185e-030 1.27612e-029 1.27612e-029 -7.62185e-030 1.77956e-018 8.95372e-029 -7.62185e-030 8.95372e-029 8.95372e-029 -4.00978e-018 -3.00433e-018 -2.41514e-017 -7.27263e-019 -1.74418e-017 4.72504e-018 1.88238e-018 2.45379e-017 6.52504e-018 -1.17519e-018 -1.78379e-018 -3.241e-016 8.99073e-019 -3.7038e-018 -1.51372e-018 4.12134e-019 -1.18519e-028 -1.18519e-028 8.95372e-029 2.98919e-017 -1.18519e-028 -1.18519e-028 5.97996e-018 -1.18519e-028 6.19084e-019 4.53667e-018 -1.4147e-017 -7.58122e-019 -7.62185e-030 -1.23685e-016 -3.01603e-017 -2.44961e-017 -1.31351e-017 -4.38999e-017 5.80094e-017 -4.38678e-017 8.45312e-018 1.78386e-018 1.27612e-029 1.27612e-029 8.95372e-029 8.95372e-029 5.23136e-018 2.52132e-017 1.64282e-017 
-4.77932e-017 -1.20004e-029 -4.06029e-016 2.34071e-018 -1.07699e-017 -6.28955e-016 2.29426e-018 3.84398e-018 8.85328e-017 -3.8136e-017 -3.07395e-016 8.51135e-018 3.65109e-018 1.59521e-016 1.28468e-016 -3.60406e-017 -4.7147e-017 2.87951e-016 1.64448e-016 1.22826e-016 2.90858e-017 -8.62289e-018 -1.3937e-017 3.8554e-018 1.27612e-029 -1.31335e-019 -1.39804e-027 -5.6871e-018 1.27612e-029 0.037845 -1.20004e-029 -1.39804e-027 -1.39804e-027 -1.20004e-029 8.99973e-017 -1.41281e-028 -1.20004e-029 -1.41281e-028 -1.41281e-028 4.58851e-017 -9.91553e-017 2.03504e-016 2.14358e-018 1.27577e-017 3.67527e-018 -1.79491e-016 7.77147e-017 4.05953e-017 3.24529e-017 -1.34066e-016 2.06342e-016 6.64312e-017 -2.91706e-017 -3.37329e-017 1.06151e-018 1.27612e-029 1.27612e-029 -1.41281e-028 2.48708e-017 1.27612e-029 1.27612e-029 -4.39181e-017 1.27612e-029 1.87699e-017 -2.19908e-017 -6.59857e-017 9.00248e-017 -1.20004e-029 -7.50818e-017 -8.77526e-017 -2.44673e-018 2.12141e-017 -3.4278e-016 -2.74327e-016 -3.83713e-016 -5.54261e-018 1.90713e-018 -1.39804e-027 -1.39804e-027 -1.41281e-028 -1.41281e-028 7.37144e-018 1.0205e-016 5.17642e-017 
-2.16895e-018 -9.86363e-029 3.16218e-017 -3.35998e-019 -1.58132e-018 -1.42444e-017 3.9189e-019 2.65716e-017 -4.30882e-018 4.01396e-018 3.1492e-017 1.03737e-017 -3.03116e-019 5.89948e-018 2.06333e-017 -1.69122e-017 -5.14892e-018 -1.3225e-016 1.13871e-016 7.74509e-018 9.13208e-018 2.16343e-017 1.5771e-017 -3.34019e-017 -7.62185e-030 3.88548e-018 -1.20004e-029 5.45626e-019 -7.62185e-030 -1.20004e-029 0.0105152 -1.20004e-029 -1.20004e-029 -9.86363e-029 1.30208e-017 -9.62385e-029 -9.86363e-029 -9.62385e-029 -9.62385e-029 1.519e-018 5.01447e-018 -2.8273e-017 -1.03008e-017 -1.89309e-018 -9.75491e-018 7.84264e-018 9.69148e-018 3.74496e-017 -2.06505e-017 -2.08044e-017 -1.26916e-016 3.53752e-018 -7.92681e-018 -9.38868e-019 7.4575e-019 -7.62185e-030 -7.62185e-030 -9.62385e-029 6.3333e-018 -7.62185e-030 -7.62185e-030 -2.8184e-018 -7.62185e-030 2.48301e-018 1.34164e-017 7.66657e-018 1.36155e-017 -9.86363e-029 6.53762e-018 -4.76434e-017 3.0603e-017 3.86799e-017 4.50443e-017 3.42824e-017 2.62719e-017 7.13184e-018 2.34014e-018 -1.20004e-029 -1.20004e-029 -9.62385e-029 -9.62385e-029 -8.30793e-018 -2.83511e-017 -4.15635e-017 
-4.77932e-017 -1.20004e-029 -4.06029e-016 2.34071e-018 -1.07699e-017 -6.28955e-016 2.29426e-018 3.84398e-018 8.85328e-017 -3.8136e-017 -3.07395e-016 8.51135e-018 3.65109e-018 1.59521e-016 1.28468e-016 -3.60406e-017 -4.7147e-017 2.87951e-016 1.64448e-016 1.22826e-016 2.90858e-017 -8.62289e-018 -1.3937e-017 3.8554e-018 1.27612e-029 -1.31335e-019 -1.39804e-027 -5.6871e-018 1.27612e-029 -1.39804e-027 -1.20004e-029 0.037845 -1.39804e-027 -1.20004e-029 8.99973e-017 -1.41281e-028 -1.20004e-029 -1.41281e-028 -1.41281e-028 4.58851e-017 -9.91553e-017 2.03504e-016 2.14358e-018 1.27577e-017 3.67527e-018 -1.79491e-016 7.77147e-017 4.05953e-017 3.24529e-017 -1.34066e-016 2.06342e-016 6.64312e-017 -2.91706e-017 -3.37329e-017 1.06151e-018 1.27612e-029 1.27612e-029 -1.41281e-028 2.48708e-017 1.27612e-029 1.27612e-029 -4.39181e-017 1.27612e-029 1.87699e-017 -2.19908e-017 -6.59857e-017 9.00248e-017 -1.20004e-029 -7.50818e-017 -8.77526e-017 -2.44673e-018 2.12141e-017 -3.4278e-016 -2.74327e-016 -3.83713e-016 -5.54261e-018 1.90713e-018 -1.39804e-027 -1.39804e-027 -1.41281e-028 -1.41281e-028 7.37144e-018 1.0205e-016 5.17642e-017 
-4.77932e-017 -1.20004e-029 -4.06029e-016 2.34071e-018 -1.07699e-017 -6.28955e-016 2.29426e-018 3.84398e-018 8.85328e-017 -3.8136e-017 -3.07395e-016 8.51135e-018 3.65109e-018 1.59521e-016 1.28468e-016 -3.60406e-017 -4.7147e-017 2.87951e-016 1.64448e-016 1.22826e-016 2.90858e-017 -8.62289e-018 -1.3937e-017 3.8554e-018 1.27612e-029 -1.31335e-019 -1.39804e-027 -5.6871e-018 1.27612e-029 -1.39804e-027 -1.20004e-029 -1.39804e-027 0.037845 -1.20004e-029 8.99973e-017 -1.41281e-028 -1.20004e-029 -1.41281e-028 -1.41281e-028 4.58851e-017 -9.91553e-017 2.03504e-016 2.14358e-018 1.27577e-017 3.67527e-018 -1.79491e-016 7.77147e-017 4.05953e-017 3.24529e-017 -1.34066e-016 2.06342e-016 6.64312e-017 -2.91706e-017 -3.37329e-017 1.06151e-018 1.27612e-029 1.27612e-029 -1.41281e-028 2.48708e-017 1.27612e-029 1.27612e-029 -4.39181e-017 1.27612e-029 1.87699e-017 -2.19908e-017 -6.59857e-017 9.00248e-017 -1.20004e-029 -7.50818e-017 -8.77526e-017 -2.44673e-018 2.12141e-017 -3.4278e-016 -2.74327e-016 -3.83713e-016 -5.54261e-018 1.90713e-018 -1.39804e-027 -1.39804e-027 -1.41281e-028 -1.41281e-028 7.37144e-018 1.0205e-016 5.17642e-017 
-2.16895e-018 -9.86363e-029 3.16218e-017 -3.35998e-019 -1.58132e-018 -1.42444e-017 3.9189e-019 2.65716e-017 -4.30882e-018 4.01396e-018 3.1492e-017 1.03737e-017 -3.03116e-019 5.89948e-018 2.06333e-017 -1.69122e-017 -5.14892e-018 -1.3225e-016 1.13871e-016 7.74509e-018 9.13208e-018 2.16343e-017 1.5771e-017 -3.34019e-017 -7.62185e-030 3.88548e-018 -1.20004e-029 5.45626e-019 -7.62185e-030 -1.20004e-029 -9.86363e-029 -1.20004e-029 -1.20004e-029 0.0105152 1.30208e-017 -9.62385e-029 -9.86363e-029 -9.62385e-029 -9.62385e-029 1.519e-018 5.01447e-018 -2.8273e-017 -1.03008e-017 -1.89309e-018 -9.75491e-018 7.84264e-018 9.69148e-018 3.74496e-017 -2.06505e-017 -2.08044e-017 -1.26916e-016 3.53752e-018 -7.92681e-018 -9.38868e-019 7.4575e-019 -7.62185e-030 -7.62185e-030 -9.62385e-029 6.3333e-018 -7.62185e-030 -7.62185e-030 -2.8184e-018 -7.62185e-030 2.48301e-018 1.34164e-017 7.66657e-018 1.36155e-017 -9.86363e-029 6.53762e-018 -4.76434e-017 3.0603e-017 3.86799e-017 4.50443e-017 3.42824e-017 2.62719e-017 7.13184e-018 2.34014e-018 -1.20004e-029 -1.20004e-029 -9.62385e-029 -9.62385e-029 -8.30793e-018 -2.83511e-017 -4.15635e-017 
-3.44766e-005 1.30208e-017 -1.4706e-005 -5.35204e-006 1.67426e-005 -0.00010219 -1.52748e-006 6.3358e-005 -0.000233889 -1.94601e-005 -0.000271461 0.000130606 3.32132e-005 0.000275973 -0.000179404 -5.6848e-005 7.78448e-005 0.000316956 9.8592e-006 -7.31571e-005 5.27002e-005 0.000235194 8.33124e-005 -2.16065e-005 1.77956e-018 -2.44801e-005 8.99973e-017 1.58987e-005 1.77956e-018 8.99973e-017 1.30208e-017 8.99973e-017 8.99973e-017 1.30208e-017 0.043431 -3.74474e-017 1.30208e-017 -3.74474e-017 -3.74474e-017 -3.97966e-005 6.90355e-005 -7.7678e-005 -8.96627e-005 -3.26323e-005 -5.76698e-005 0.000138006 -4.63207e-005 7.39405e-006 3.78721e-005 -5.67731e-005 0.000335792 5.88459e-005 2.09931e-005 9.8953e-005 3.05189e-006 1.77956e-018 1.77956e-018 -3.74474e-017 2.20164e-005 1.77956e-018 1.77956e-018 0.000157952 1.77956e-018 -0.000236723 -0.00010255 9.47971e-005 -5.24489e-005 1.30208e-017 0.000239661 0.000172657 -0.000405378 -0.000180274 -0.000233921 0.0003877 -0.000101629 6.17245e-005 -1.40525e-006 8.99973e-017 8.99973e-017 -3.74474e-017 -3.74474e-017 2.7646e-005 -2.0599e-005 -2.67314e-005 
-4.25925e-017 -9.62385e-029 4.91249e-016 -1.42668e-018 -3.10491e-019 -3.65914e-016 3.91814e-019 4.44625e-017 1.9903e-016 2.22445e-017 -2.50627e-016 -1.29136e-016 -1.11865e-018 -3.30407e-016 -5.25989e-016 -1.49651e-016 -7.06478e-017 2.67259e-016 -7.11915e-016 3.9535e-016 -1.57483e-016 4.00095e-017 2.17256e-018 -8.13262e-017 8.95372e-029 -2.24848e-017 -1.41281e-028 6.84989e-018 8.95372e-029 -1.41281e-028 -9.62385e-029 -1.41281e-028 -1.41281e-028 -9.62385e-029 -3.74474e-017 0.0509732 -9.62385e-029 -2.47075e-027 -2.47075e-027 -1.19179e-017 7.23422e-018 -1.64799e-016 -4.9677e-017 -1.09578e-016 6.39029e-017 -1.02402e-016 -4.67659e-017 7.92509e-017 5.31236e-017 -1.49789e-017 -1.29219e-015 -2.72738e-017 5.59933e-017 6.94118e-017 -2.89435e-018 8.95372e-029 8.95372e-029 -2.47075e-027 1.20091e-016 8.95372e-029 8.95372e-029 3.96091e-017 8.95372e-029 5.43943e-018 -6.44868e-017 -4.46127e-018 1.00202e-017 -9.62385e-029 -4.6253e-016 -4.80439e-017 -2.28033e-016 1.63437e-016 -4.78306e-018 -5.5341e-018 1.88606e-016 -3.07343e-017 4.83623e-018 -1.41281e-028 -1.41281e-028 -2.47075e-027 -2.47075e-027 2.01462e-017 -1.28243e-016 2.16852e-016 
